
-----------------------------------------------------------------------------
KNN Classification
-----------------------------------------------------------------------------
Mean Train Score:
 [0.59445491 0.6841148  0.73463173 0.73133277 0.67567515 0.72648247
 0.74620882 0.74287564 0.72366882 0.74711952 0.74822857 0.74554268
 0.73647432 0.74334415 0.75287997 0.75065405 0.74195476 0.75087311
 0.75526606 0.75234913 0.7508403  0.75118463 0.75738457 0.7561361
 0.75230506 0.75589236 0.76648559 0.76277637 0.76449319 0.75931386
 0.76623846 0.75975192 0.76659437 0.7577622  0.77198494 0.76602242
 0.76812995 0.76378084]
Standard Scores:
[0.03605052 0.02105836 0.02683428 0.02703226 0.0466683  0.02863041
 0.02791702 0.03156751 0.03413055 0.02704767 0.02390612 0.02660633
 0.03219949 0.03337193 0.02822209 0.03107797 0.02847147 0.02943209
 0.02883541 0.03212214 0.02968871 0.02921679 0.02414153 0.0279355
 0.03584751 0.03458012 0.02581491 0.02789921 0.02695898 0.02698624
 0.02282134 0.02481658 0.02337184 0.02802329 0.01917108 0.02142403
 0.01723285 0.02209578]

-----------------------------------------------------------------------------
Best Score: 0.771984935710377
Best Parameters: {'knn__n_neighbors': 19, 'knn__weights': 'uniform'}

-----------------------------------------------------------------------------
Test F1 Score: 0.750733137829912
-----------------------------------------------------------------------------
