
-----------------------------------------------------------------------------
KNN Classification
-----------------------------------------------------------------------------
Mean Train Score:
 [0.59404248 0.69914225 0.71839114 0.71613317 0.67123033 0.71607194
 0.73082874 0.72822265 0.71604101 0.73708276 0.7472726  0.74514352
 0.71806465 0.74317831 0.75248581 0.75101063 0.72660303 0.74507346
 0.75030383 0.74808602 0.73444007 0.74822287 0.75097195 0.74916162
 0.74318888 0.75464391 0.75817422 0.75605929 0.74566901 0.75605891
 0.75769024 0.7567372  0.75117353 0.76121043 0.76402393 0.76068372
 0.75611776 0.76312501]
Standard Scores:
[0.0548051  0.02801191 0.02660728 0.02696363 0.03810852 0.0205127
 0.0275019  0.02611549 0.03636297 0.0271142  0.02664795 0.0253848
 0.03367169 0.02426157 0.01726322 0.01809592 0.02944072 0.02400332
 0.02064171 0.02141172 0.02799033 0.01973832 0.02995438 0.0303212
 0.02486865 0.01950928 0.01702296 0.01727472 0.01658034 0.01731692
 0.01405572 0.01374782 0.01587305 0.01985967 0.018976   0.01990798
 0.01459834 0.0241025 ]

-----------------------------------------------------------------------------
Best Score: 0.7640239292576214
Best Parameters: {'knn__n_neighbors': 19, 'knn__weights': 'uniform'}

-----------------------------------------------------------------------------
