
-----------------------------------------------------------------------------
Logistic Regression Classification
-----------------------------------------------------------------------------
Mean Train Score:
 [0.76479509 0.76752056 0.77579455 0.76752056 0.76986529 0.76752056
 0.76710787 0.76752056 0.77513539 0.76752056 0.7662779  0.77579455
 0.76752056 0.7662779  0.77405512 0.76752056 0.7662779  0.7662779
 0.7662779  0.7662779  0.76752056 0.76752056 0.76752056 0.76791344
 0.76752056 0.76791344 0.76752056 0.76791344 0.76752056]
Standard Scores:
[0.03779323 0.03666936 0.03639438 0.03666936 0.03666156 0.03666936
 0.03772197 0.03666936 0.03594063 0.03666936 0.0370848  0.03639438
 0.03666936 0.0370848  0.03461568 0.03666936 0.0370848  0.0370848
 0.0370848  0.0370848  0.03666936 0.03666936 0.03666936 0.03709713
 0.03666936 0.03709713 0.03666936 0.03709713 0.03666936]

-----------------------------------------------------------------------------
Best Score: 0.7757945468841226
Best Parameters: {'cls__max_iter': 1000, 'cls__penalty': 'none', 'cls__solver': 'sag'}

-----------------------------------------------------------------------------
Test F1 Score: 0.793103448275862
-----------------------------------------------------------------------------
